00  0   0 00         
01  1   1 01         
02  2   2 02         0123456789abcdef
03  3   4 04        0***.*.......*.** 7
04  4  12 0c        1**********.****. 14
05  5  14 0e        2**.**........... 4
06  6  15 0f        3................
07  7  16 10        4.*.............. 1
08  8  17 11        5................
09  9  18 12        6................
0a 10  19 13        7................
0b 11  20 14        8**********.....* 11
0c 12  21 15        9................
0d 13  22 16        a....**.......... 2
0e 14  23 17        b................
0f 15  24 18        c*********....... 9
10 16  25 19        d................
11 17  27 1b        e................
12 18  28 1c        f..............** 2
13 19  29 1d
14 20  30 1e
15 21  32 20
16 22  33 21
17 23  35 23     0-20 -> 0
18 24  36 24    21-24 -> 1
19 25  65 41    25    -> 2
1a 26 128 80    26-36 -> 4
1b 27 129 81    37-38 -> 5
1c 28 130 82    39-47 -> 6
1d 29 131 83    48-49 -> 7
1e 30 132 84
1f 31 133 85
20 32 134 86
21 33 135 87
22 34 136 88
23 35 137 89
24 36 143 8f
25 37 164 a4
26 38 165 a5
27 39 192 c0
28 40 193 c1
29 41 194 c2
2a 42 195 c3
2b 43 196 c4
2c 44 197 c5
2d 45 198 c6
2e 46 199 c7
2f 47 200 c8
30 48 254 fe
31 49 255 ff
